# 末端目标点序列（按顺序执行）
targets:
  - pos: [0.472669, -0.14159, 0.468731]
    quat_xyzw: [-0.707, 0.707, 0.0, 0.0]
    duration: 1.0

  - pos: [0.40, -0.10, 0.55]
    quat_xyzw: [-0.707, 0.707, 0.0, 0.0]
    duration: 1.5

  - pos: [0.35, -0.05, 0.2]
    quat_xyzw: [-0.707, 0.707, 0.0, 0.0]  
    duration: 1.0
